30
HUN001 2021 5 4 12 0
HUN002 2021 5 3 7 50
HUN003 2021 6 5 16 35
HUN004 2021 5 4 10 30
HUN005 2021 5 3 8 20
ROM001 2021 3 4 15 9
ROM002 2021 3 4 10 10
ROM003 2021 3 5 5 30
ROM004 2001 3 4 5 30
ROM005 2001 3 5 6 0
GER001 2002 6 7 4 30
GER002 2002 2 15 4 0
GER003 2003 4 5 8 0
GER004 2005 9 4 2 30
GER005 2006 3 12 6 0
FRE001 2004 5 2 4 0
FRE002 2012 3 14 9 30
FRE003 2012 9 24 5 30
FRE004 2012 10 3 4 0
FRE005 2014 5 3 2 0
USA001 2015 12 3 5 0
USA002 2016 2 14 6 0
USA003 2016 3 22 3 30
USA004 2016 4 12 7 0
USA005 2017 5 13 2 30
ENG001 2017 8 15 5 30
DAN001 2017 9 12 4 30
ISL001 2018 8 30 11 30
IRE001 2019 3 5 5 30
SWD001 2020 8 7 1 30